303650
362257
362350
362324
362335
362345
362306
362336
362346
362356
362327
362337
362347
362420
362430
362440
362450
362431
362441
362451
362461
362442
362452
362462
362472
362475
363151
364123
365337
372405
372415
372501
372511
372521
372531
372502
372512
372522
372532
372503
372513
374102
374112
374113
382343
382353
382344
382354
382375
382474
383151
383161
383152
383162
383172
384112
392635
392645
392636
392646
392676
392647
392740
392711
392721
392741
392761
392771
392712
392722
392732
392723
392733
392714
392724
392734
392705
392715
392725
392735
392745
392755
392716
392726
392736
392746
392756
392766
392776
392717
392727
392737
392747
392757
392767
392777
392840
392850
392860
392870
392861
392871
392872
394270
394261
394271
402705
402706
402707
402727
402737
402747
402757
402800
402840
402850
402801
402811
402821
402802
402812
402822
402843
402874
404066
404076
404067
404077
404200
404201
404241
404251
404261
404252
412861
412804
412805
412815
412837
412847
412857
412867
412877
412940
412950
412972
414240
414211
414221
414231
414241
422901
422911
422921
422931
422902
422912
422922
422932
422942
422913
422923
422933
422943
422934
422944
422954
422945
422955
422965
422937
422947
423030
423040
432817
432827
432910
432920
432951
432962
432916
442914
442944
442964
442935
442945
442956
442966
442957
442967
442977
444052
452907
453000
453051
453052
453023
453033
453043
453053
453024
453034
453044
453054
453035
453045
453046
453056
453047
453057
453067
453077
453160
453170
454052
462913
462923
462953
462963
462975
462917
462927
463000
463010
463061
463071
463002
463012
463062
463072
463013
463063
463073
463054
463064
463074
463035
463045
463055
463065
463075
463006
463016
463046
463056
463066
463076
463007
463057
463067
463077
463100
463110
463120
463160
463170
463171
472872
472915
472935
472945
472946
472956
472966
472957
472967
473000
473010
473060
473001
473011
473021
473041
473051
473061
473071
473002
473012
473022
473032
473042
473052
473062
473072
473003
473013
473023
473033
473043
473053
473063
473073
473004
473014
473024
473034
473044
473054
473064
473074
473015
473025
473035
473045
473055
473065
473075
473006
473016
473026
473036
473046
473056
473066
473076
473007
473017
473027
473037
473047
473057
473067
473077
473100
473110
473120
473130
473140
473150
473160
473170
473101
473111
473121
473131
473141
473151
473161
473171
473102
473112
473122
473132
473142
473152
473162
473172
473113
473123
473133
473143
473153
473163
473173
473967
474010
482820
482802
482803
482874
482865
482875
482866
482876
482867
482877
482965
482975
482966
482976
482917
482927
482937
482947
482977
483010
483020
483030
483040
483050
483060
483070
483001
483011
483021
483031
483041
483051
483061
483071
483002
483012
483022
483032
483042
483052
483062
483072
483003
483013
483023
483033
483043
483053
483063
483073
483004
483014
483024
483034
483044
483054
483064
483074
483005
483015
483025
483035
483045
483055
483065
483075
483006
483016
483026
483036
483046
483056
483066
483076
483007
483017
483027
483037
483047
483057
483067
483077
483100
483110
483120
483130
483140
483150
483160
483170
483101
483111
483121
483131
483141
483151
483161
483171
483102
483112
483122
483132
483142
483152
483162
483172
483103
483113
483123
483133
483143
483153
483163
483173
483104
483114
483124
483134
483144
483154
483164
483174
483135
483145
483155
483165
483175
483176
483956
492804
492805
492815
492806
492816
492826
492866
492807
492817
492827
492837
492857
492867
492900
492910
492920
492930
492940
492950
492960
492970
492931
492941
492951
492961
492971
492932
492942
492962
492972
492943
492953
492963
492973
492924
492934
492944
492954
492964
492974
492915
492925
492935
492945
492955
492965
492975
492906
492916
492926
492936
492946
492956
492966
492976
492907
492917
492927
492937
492947
492957
492967
492977
493010
493020
493030
493040
493050
493060
493070
493001
493011
493021
493031
493041
493051
493061
493071
493002
493012
493022
493042
493052
493062
493072
493003
493013
493023
493033
493043
493053
493063
493073
493004
493014
493024
493034
493044
493054
493064
493074
493005
493015
493025
493035
493045
493055
493065
493075
493006
493016
493026
493036
493046
493056
493066
493076
493007
493017
493027
493037
493047
493057
493067
493077
493100
493110
493120
493130
493140
493150
493160
493170
493101
493111
493121
493131
493141
493151
493161
493171
493102
493112
493122
493132
493142
493152
493162
493172
493103
493113
493123
493133
493143
493153
493163
493173
493104
493114
493124
493134
493144
493154
493164
493174
493105
493115
493125
493135
493145
493155
493165
493175
493106
493116
493126
493136
493146
493156
493166
493176
493107
493117
493127
493137
493147
493157
493167
493177
493210
493220
493230
493240
493250
493241
493252
493262
493272
493203
493213
493223
493233
493243
493253
493263
493273
493204
493214
493224
493234
493244
493254
493264
493274
493215
493225
493235
493245
493255
493265
493275
493206
493216
493226
493236
493246
493256
493266
493276
493207
493217
493227
493237
493247
493257
493267
493277
493300
493310
493320
493330
493340
493350
493360
493370
493351
493361
493371
493362
493372
493470
493461
493471
493955
493946
493956
493966
502903
502913
502904
502914
502924
502934
502944
502905
502915
502925
502945
502955
502965
502906
502916
502926
502936
502946
502956
502966
502907
502917
502927
502937
502947
503000
503010
503020
503030
503060
503001
503011
503021
503031
503041
503002
503012
503022
503032
503042
503052
503003
503013
503023
503033
503043
503053
503063
503073
503004
503014
503024
503034
503044
503054
503064
503005
503015
503025
503035
503045
503055
503065
503075
503006
503016
503026
503036
503046
503056
503066
503076
503007
503017
503027
503037
503047
503057
503067
503077
503100
503110
503120
503130
503140
503150
503160
503170
503101
503111
503121
503131
503171
503102
503112
503122
503132
503172
503103
503113
503123
503133
503143
503173
503104
503114
503124
503134
503144
503174
503105
503115
503125
503135
503145
503175
503176
503157
503167
503177
503200
503210
503240
503250
503260
503270
503201
503211
503241
503251
503261
503271
503202
503212
503222
503252
503262
503272
503203
503213
503223
503233
503243
503253
503263
503273
503204
503214
503224
503234
503244
503264
503274
503205
503215
503225
503235
503245
503255
503265
503275
503206
503216
503226
503236
503246
503256
503266
503276
503207
503217
503227
503237
503247
503257
503267
503277
503300
503310
503320
503330
503340
503350
503360
503370
503301
503311
503321
503331
503341
503351
503361
503371
503302
503312
503322
503332
503342
503352
503362
503372
503303
503313
503323
503333
503343
503353
503363
503373
503314
503324
503334
503344
503354
503364
503374
503325
503335
503345
503355
503365
503375
503326
503336
503346
503356
503366
503376
503317
503327
503337
503347
503357
503367
503377
503400
503410
503420
503430
503440
503450
503460
503470
503401
503411
503421
503431
503441
503451
503461
503471
503412
503422
503432
503442
503452
503462
503472
503433
503443
503453
503463
503473
503434
503444
503454
503464
503474
503455
503465
503475
503456
503466
503560
503570
503551
503561
503571
503532
503542
503552
503562
503572
503523
503533
503543
503553
503563
503573
503514
503524
503534
503544
503554
503564
503574
503515
503525
503535
503545
503555
503565
503575
503516
503526
503536
503546
503556
503566
503576
503527
503537
503547
503557
503567
503577
503640
503650
503660
503670
503661
503671
503672
503876
503932
503964
503965
512911
512921
512931
512941
512912
512922
512932
512942
512952
512962
512972
512933
512943
512953
512963
512973
513020
513005
513006
513016
513036
513046
513007
513017
513027
513037
513047
513057
513100
513110
513120
513130
513140
513150
513101
513111
513121
513131
513141
513151
513102
513112
513122
513132
513142
513152
513162
513103
513113
513123
513133
513143
513153
513163
513104
513114
513124
513134
513144
513154
513164
513174
513105
513115
513125
513135
513145
513155
513165
513175
513106
513116
513126
513136
513146
513156
513166
513176
513107
513117
513127
513137
513147
513157
513167
513177
513200
513210
513220
513230
513240
513250
513260
513270
513201
513211
513221
513231
513241
513251
513261
513271
513202
513212
513222
513232
513242
513252
513262
513272
513203
513213
513223
513233
513243
513253
513263
513273
513204
513214
513224
513234
513244
513254
513264
513274
513205
513215
513225
513235
513245
513255
513265
513275
513206
513216
513226
513236
513246
513256
513266
513276
513207
513217
513227
513237
513247
513257
513267
513277
513300
513310
513320
513330
513340
513350
513360
513370
513311
513321
513331
513341
513351
513361
513371
513302
513312
513322
513332
513342
513352
513362
513372
513313
513333
513343
513353
513363
513373
513304
513314
513324
513334
513344
513354
513364
513374
513305
513315
513325
513335
513345
513355
513365
513375
513306
513316
513326
513336
513346
513356
513366
513376
513307
513317
513327
513337
513347
513357
513367
513377
513400
513410
513420
513430
513440
513450
513460
513470
513401
513411
513421
513431
513441
513451
513461
513471
513402
513412
513422
513432
513442
513452
513462
513403
513413
513423
513433
513453
513463
513473
513404
513414
513424
513434
513474
513405
513415
513425
513435
513445
513416
513426
513436
513446
513456
513466
513427
513437
513447
513457
513467
513477
513500
513510
513520
513530
513560
513570
513501
513511
513521
513531
513541
513551
513571
513502
513512
513522
513532
513542
513552
513562
513572
513503
513513
513523
513533
513543
513553
513563
513573
513504
513514
513524
513534
513544
513554
513564
513574
513505
513515
513525
513535
513545
513555
513565
513575
513506
513516
513526
513536
513546
513556
513566
513576
513507
513517
513527
513537
513547
513557
513567
513577
513600
513610
513620
513630
513640
513650
513660
513670
513601
513611
513621
513631
513641
513651
513661
513671
513602
513612
513622
513632
513642
513652
513662
513672
513623
513633
513643
513653
513663
513673
513624
513634
513644
513654
513664
513674
513635
513645
513655
513665
513675
513626
513636
513646
513656
513666
513637
513647
513657
513667
513677
513760
513770
513771
513772
513773
513775
513776
513777
513870
513871
513872
513876
513867
513877
513920
513921
513931
513941
513932
513942
513952
513962
513903
513913
513904
513914
522903
522904
523111
523104
523105
523106
523116
523126
523107
523117
523127
523200
523210
523220
523230
523201
523211
523221
523231
523241
523202
523212
523222
523232
523242
523252
523203
523213
523223
523233
523243
523253
523263
523204
523214
523224
523234
523244
523254
523264
523274
523205
523215
523225
523235
523245
523255
523265
523275
523206
523216
523226
523236
523246
523256
523266
523276
523207
523217
523227
523237
523247
523257
523267
523277
523300
523310
523320
523330
523340
523350
523360
523370
523301
523311
523321
523331
523341
523351
523361
523371
523302
523312
523322
523332
523342
523352
523362
523372
523303
523313
523323
523333
523343
523353
523363
523373
523304
523314
523324
523334
523344
523354
523364
523374
523305
523315
523325
523335
523345
523355
523365
523375
523306
523316
523326
523336
523346
523356
523366
523376
523307
523317
523327
523337
523347
523357
523367
523377
523400
523410
523420
523430
523440
523450
523460
523470
523401
523411
523421
523431
523441
523451
523461
523471
523402
523412
523422
523432
523442
523452
523462
523472
523403
523413
523423
523433
523443
523453
523463
523473
523404
523414
523424
523434
523444
523454
523464
523474
523405
523415
523425
523435
523445
523455
523465
523475
523406
523416
523426
523436
523446
523456
523466
523476
523407
523417
523427
523437
523447
523457
523467
523477
523500
523510
523520
523530
523540
523550
523560
523570
523501
523511
523521
523531
523541
523551
523561
523571
523502
523512
523522
523532
523542
523552
523562
523572
523503
523513
523523
523533
523543
523553
523563
523573
523504
523514
523524
523534
523544
523554
523564
523574
523505
523515
523525
523535
523545
523555
523565
523575
523506
523516
523526
523536
523546
523556
523566
523576
523507
523517
523527
523537
523547
523557
523567
523577
523600
523610
523620
523630
523640
523650
523660
523670
523601
523611
523621
523631
523641
523651
523661
523671
523602
523612
523622
523632
523642
523652
523662
523672
523603
523613
523623
523633
523643
523653
523663
523673
523604
523614
523624
523634
523644
523654
523664
523674
523625
523635
523645
523655
523665
523675
523606
523616
523626
523636
523646
523656
523666
523676
523607
523617
523627
523637
523647
523657
523667
523677
523700
523710
523720
523730
523740
523750
523760
523770
523701
523711
523721
523731
523741
523751
523761
523771
523702
523712
523722
523732
523742
523752
523762
523772
523703
523713
523723
523733
523743
523753
523763
523773
523704
523714
523724
523734
523744
523754
523764
523774
523705
523715
523725
523735
523745
523755
523765
523775
523706
523716
523726
523736
523746
523756
523766
523776
523707
523717
523727
523737
523747
523757
523767
523777
523800
523810
523820
523830
523840
523850
523860
523870
523801
523811
523821
523831
523841
523851
523861
523871
523802
523812
523822
523832
523842
523852
523862
523872
523833
523843
523853
523863
523873
523834
523844
523854
523864
523874
523805
523815
523855
523865
523875
523806
523816
523826
523836
523846
523856
523866
523876
523807
523817
523827
523837
523847
523857
523867
523877
523900
523910
523920
523930
523940
523950
523960
523970
523921
523931
523941
523951
523961
523971
523902
523912
523972
523903
523913
523973
523954
523964
523974
523955
523965
523975
523926
523936
523946
523956
523966
523976
523927
523937
523947
523957
523967
523977
524040
524050
524060
524070
524051
524061
524071
524052
524062
524072
524063
524073
533214
533205
533215
533206
533216
533226
533207
533217
533227
533300
533310
533320
533330
533370
533301
533311
533321
533331
533302
533312
533322
533332
533303
533313
533323
533304
533314
533324
533305
533315
533325
533306
533316
533326
533307
533317
533327
533400
533410
533420
533401
533411
533421
533402
533412
533422
533432
533403
533413
533423
533433
533404
533414
533424
533434
533444
533405
533415
533425
533435
533445
533406
533416
533426
533436
533446
533407
533417
533427
533437
533447
533500
533510
533520
533530
533540
533501
533511
533521
533531
533541
533551
533502
533512
533522
533532
533542
533552
533503
533513
533523
533533
533543
533504
533514
533524
533505
533515
533525
533506
533516
533526
533536
533507
533517
533527
533537
533547
533557
533567
533577
533600
533610
533620
533630
533640
533650
533660
533670
533601
533611
533621
533631
533641
533651
533661
533671
533602
533612
533622
533632
533642
533652
533662
533672
533603
533613
533623
533633
533643
533653
533663
533673
533604
533614
533624
533634
533644
533654
533664
533674
533605
533615
533625
533635
533645
533655
533665
533675
533606
533616
533626
533636
533646
533656
533666
533676
533607
533617
533627
533637
533647
533657
533667
533677
533700
533710
533720
533730
533740
533750
533760
533770
533701
533711
533721
533731
533741
533751
533761
533771
533702
533712
533722
533732
533742
533752
533762
533772
533703
533713
533723
533733
533743
533753
533763
533773
533704
533714
533724
533734
533744
533754
533764
533774
533705
533715
533725
533735
533745
533755
533765
533775
533706
533716
533726
533736
533746
533756
533766
533776
533707
533717
533727
533737
533747
533757
533767
533777
533800
533810
533820
533830
533840
533850
533860
533870
533801
533811
533821
533831
533841
533851
533861
533871
533802
533812
533822
533832
533842
533852
533862
533872
533803
533813
533823
533833
533843
533853
533863
533873
533804
533814
533824
533834
533844
533854
533864
533874
533805
533815
533825
533835
533845
533855
533865
533875
533806
533816
533826
533836
533846
533856
533866
533876
533807
533817
533827
533837
533847
533857
533867
533877
533900
533910
533920
533930
533940
533950
533960
533970
533901
533911
533921
533931
533941
533951
533961
533971
533902
533912
533922
533932
533942
533952
533962
533972
533903
533913
533923
533933
533943
533953
533963
533973
533904
533914
533924
533934
533944
533954
533964
533974
533905
533915
533925
533935
533945
533955
533965
533975
533906
533916
533926
533936
533946
533956
533966
533976
533907
533917
533937
533947
533957
533967
533977
534000
534010
534020
534030
534040
534050
534060
534070
534001
534011
534021
534031
534041
534051
534061
534071
534002
534012
534022
534032
534042
534052
534062
534072
534003
534013
534023
534033
534043
534053
534063
534073
534024
534034
534044
534054
534064
534074
534045
534055
534065
534075
534046
534056
534066
534047
543207
543217
543300
543310
543301
543311
543321
543331
543341
543312
543322
543332
543342
543323
543333
543507
543600
543610
543620
543630
543601
543611
543621
543631
543602
543612
543622
543632
543642
543603
543613
543623
543633
543643
543653
543663
543604
543614
543624
543634
543644
543654
543664
543674
543605
543615
543625
543635
543645
543655
543665
543675
543606
543616
543626
543636
543646
543656
543666
543676
543607
543617
543627
543637
543647
543657
543667
543677
543700
543710
543720
543730
543740
543750
543760
543770
543701
543711
543721
543731
543741
543751
543761
543771
543702
543712
543722
543732
543742
543752
543762
543772
543703
543713
543723
543733
543743
543753
543763
543773
543704
543714
543724
543734
543744
543754
543764
543774
543705
543715
543725
543735
543745
543755
543765
543775
543706
543716
543726
543736
543746
543756
543766
543776
543707
543717
543727
543737
543747
543757
543767
543777
543800
543810
543820
543830
543840
543850
543860
543870
543801
543811
543821
543831
543841
543851
543861
543871
543802
543812
543822
543832
543842
543852
543862
543872
543803
543813
543823
543833
543843
543853
543863
543873
543804
543814
543824
543834
543844
543854
543864
543874
543805
543815
543825
543835
543845
543855
543865
543875
543806
543816
543826
543836
543846
543856
543866
543876
543807
543817
543827
543837
543847
543857
543867
543877
543900
543910
543920
543930
543940
543950
543960
543970
543901
543911
543921
543931
543941
543951
543961
543971
543902
543912
543922
543932
543942
543952
543962
543972
543903
543913
543923
543933
543943
543953
543963
543973
543904
543914
543924
543934
543944
543954
543964
543974
543905
543915
543925
543935
543945
543955
543965
543975
543906
543916
543926
543936
543946
543956
543966
543976
543907
543917
543927
543937
543947
543957
543967
543977
544000
544010
544020
544030
544040
544050
544060
544070
544001
544011
544021
544031
544041
544051
544061
544071
544002
544012
544022
544032
544042
544052
544062
544072
544003
544013
544023
544033
544043
544053
544063
544073
544004
544014
544024
544034
544044
544054
544064
544074
544005
544045
544055
544065
544075
553166
553605
553615
553625
553635
553645
553655
553665
553675
553606
553616
553626
553636
553646
553656
553666
553676
553607
553617
553627
553637
553647
553657
553667
553677
553700
553710
553720
553730
553740
553750
553760
553770
553701
553711
553771
553702
553712
553772
553703
553713
553723
553733
553704
553714
553724
553734
553705
553715
553725
553735
553745
553706
553716
553726
553736
553746
553707
553717
553727
553737
553747
553757
553800
553810
553820
553830
553840
553850
553860
553801
553811
553821
553831
553841
553851
553861
553802
553812
553822
553832
553842
553852
553862
553872
553803
553813
553823
553833
553843
553853
553863
553873
553804
553814
553824
553834
553844
553854
553864
553874
553805
553815
553825
553835
553845
553855
553865
553875
553806
553816
553826
553836
553846
553856
553866
553876
553807
553817
553827
553837
553847
553857
553867
553877
553900
553910
553920
553930
553940
553950
553960
553970
553901
553911
553921
553931
553941
553951
553961
553971
553902
553912
553922
553932
553942
553952
553962
553972
553903
553913
553923
553933
553943
553953
553963
553973
553904
553914
553924
553934
553944
553954
553964
553974
553905
553915
553925
553935
553945
553955
553965
553975
553906
553916
553926
553936
553946
553956
553966
553976
553907
553917
553927
553937
553947
553957
553967
553977
554000
554010
554020
554030
554040
554050
554060
554070
554001
554011
554021
554031
554041
554051
554061
554071
554002
554012
554022
554032
554042
554052
554062
554072
554003
554013
554023
554033
554043
554053
554063
554073
554004
554014
554024
554034
554044
554054
554064
554074
554005
554015
554025
554035
554045
554055
554065
554075
554016
554026
554036
554046
554056
554066
554076
554027
554037
554047
554057
554067
554077
554150
554160
554170
563605
563606
563626
563636
563607
563617
563637
563667
563700
563710
563701
563711
563721
563702
563712
563722
563851
563861
563871
563852
563862
563872
563803
563863
563873
563804
563814
563874
563805
563815
563825
563835
563806
563816
563826
563836
563846
563856
563866
563807
563817
563827
563837
563847
563857
563867
563900
563910
563920
563930
563940
563950
563960
563970
563901
563911
563921
563931
563941
563951
563961
563971
563902
563912
563922
563932
563942
563952
563962
563972
563903
563913
563923
563933
563943
563953
563963
563973
563904
563914
563924
563934
563944
563954
563964
563974
563905
563915
563925
563935
563945
563955
563965
563975
563906
563916
563926
563936
563946
563956
563966
563976
563907
563917
563927
563937
563947
563957
563967
563977
564000
564010
564020
564030
564040
564050
564060
564070
564001
564011
564021
564031
564041
564051
564061
564071
564002
564012
564022
564032
564042
564052
564062
564072
564003
564013
564023
564033
564043
564053
564063
564073
564004
564014
564024
564034
564044
564054
564064
564074
564005
564015
564025
564035
564045
564055
564065
564075
564006
564016
564026
564036
564046
564056
564066
564076
564007
564017
564027
564037
564047
564057
564067
564077
564100
564110
564120
564130
564140
564150
573801
573811
573802
573812
573822
573803
573813
573823
573833
573843
573804
573814
573824
573834
573844
573901
573951
573902
573912
573952
573903
573913
573923
573933
573943
573953
573904
573914
573924
573934
573944
573954
573964
573974
573905
573915
573925
573935
573945
573955
573965
573975
573906
573916
573926
573936
573946
573956
573966
573976
573907
573917
573927
573937
573947
573957
573967
573977
574000
574010
574020
574030
574040
574050
574060
574070
574001
574011
574021
574031
574041
574051
574061
574071
574002
574012
574022
574032
574042
574052
574062
574072
574003
574013
574023
574033
574043
574053
574063
574073
574004
574014
574024
574034
574044
574054
574064
574074
574005
574015
574025
574035
574045
574055
574065
574075
574006
574016
574026
574036
574046
574056
574066
574076
574007
574017
574027
574037
574047
574057
574067
574077
574120
574130
574140
574150
574160
574170
574131
574141
574151
574161
574171
574142
574152
574162
574172
574123
574133
574143
574153
574163
574173
574124
574134
574144
574154
574164
574174
583904
583964
583905
583915
583906
583916
583926
583936
583946
583956
583907
583917
583927
583937
583947
583957
583967
583977
584000
584010
584020
584030
584040
584050
584060
584070
584001
584011
584021
584031
584041
584051
584061
584071
584002
584012
584022
584032
584042
584052
584062
584072
584003
584013
584023
584033
584043
584053
584063
584073
584004
584014
584024
584034
584044
584054
584064
584074
584005
584015
584025
584035
584045
584055
584065
584075
584006
584016
584026
584036
584046
584056
584066
584076
584007
584017
584027
584037
584047
584057
584067
584077
584100
584110
584120
584130
584140
584150
584160
584170
584101
584111
584121
584131
584141
584151
584161
584171
584102
584112
584122
584132
584142
584152
584162
584172
584103
584113
584123
584133
584143
584153
584163
584173
584104
584114
584124
584134
584144
584154
584164
584174
584115
584125
584135
584145
584155
584165
584175
584146
584156
584166
584176
584147
584157
584167
584177
593965
593975
593966
593976
593907
593967
593977
594000
594010
594020
594030
594040
594050
594060
594070
594001
594011
594021
594031
594041
594051
594061
594071
594002
594012
594022
594032
594042
594052
594062
594072
594003
594013
594023
594033
594043
594053
594063
594073
594004
594014
594024
594034
594044
594054
594064
594074
594005
594015
594025
594035
594045
594055
594065
594075
594006
594016
594026
594036
594046
594056
594066
594076
594007
594017
594027
594037
594047
594057
594067
594077
594100
594110
594120
594130
594140
594150
594160
594170
594101
594111
594121
594131
594141
594151
594161
594171
594102
594112
594122
594132
594142
594152
594162
594172
594103
594113
594123
594133
594143
594153
594163
594173
594104
594114
594124
594134
594144
594154
594164
594174
594105
594115
594125
594135
594145
594155
594165
594175
594106
594116
594126
594136
594146
594156
594166
594176
594107
594117
594127
594137
594147
594157
594167
594177
594200
594210
594220
594230
594240
594250
603963
603964
603905
603966
603976
603907
603917
603927
603947
603957
603967
603977
604000
604010
604020
604030
604040
604050
604060
604070
604001
604011
604021
604031
604041
604051
604061
604071
604002
604012
604022
604032
604042
604052
604062
604072
604003
604013
604023
604033
604043
604053
604063
604073
604004
604014
604024
604034
604044
604054
604064
604074
604005
604015
604025
604035
604045
604055
604065
604075
604006
604016
604026
604036
604046
604056
604066
604076
604007
604017
604027
604037
604047
604057
604067
604077
604100
604110
604120
604130
604140
604150
604160
604170
604101
604111
604121
604131
604141
604151
604161
604171
604102
604112
604122
604132
604142
604152
604162
604172
604103
604113
604123
604133
604143
604153
604163
604173
604104
604114
604124
604134
604144
604154
604164
604105
604115
604125
604135
604145
604155
604106
604116
604126
604136
604146
604107
604117
613907
614000
614010
614001
614011
614051
614002
614012
614022
614032
614042
614052
614062
614072
614003
614013
614023
614033
614043
614053
614063
614004
614014
614024
614034
614044
614054
614064
614005
614015
614025
614035
614045
614055
614065
614006
614016
614026
614036
614046
614056
614066
614076
614007
614017
614027
614037
614047
614057
614067
614077
614100
614110
614120
614130
614160
614170
614101
614111
614121
614131
614141
614151
614161
614171
614102
614112
614122
614132
614142
614152
614162
614172
614103
614113
614123
614133
614143
614153
614163
614173
623912
623922
623923
623906
623927
623937
624000
624010
624020
624030
624040
624050
624060
624070
624001
624011
624021
624031
624041
624051
624061
624071
624012
624022
624032
624042
624052
624062
624072
624023
624033
624043
624053
624063
624073
624044
624054
624064
624074
624045
624055
624065
624075
624006
624016
624056
624066
624076
624007
624017
624027
624047
624057
624067
624077
624100
624110
624140
624150
624160
624101
624111
624151
624161
624102
624103
624113
624371
624362
624372
633903
633913
633923
633914
633924
633934
633926
633936
633946
633956
633966
633976
633917
633927
633937
633947
633957
633967
633977
634000
634010
634020
634030
634040
634050
634060
634070
634001
634011
634021
634031
634041
634051
634061
634071
634002
634012
634022
634032
634042
634052
634062
634072
634003
634013
634023
634063
634073
634004
634014
634064
634074
634005
634015
634065
634075
634006
634016
634056
634066
634076
634007
634037
634047
634057
634067
634077
634130
634140
634150
634160
634170
634151
634161
634171
634152
634162
634172
634163
634173
634174
634175
634166
634176
634167
634177
634250
634260
634270
634241
634251
634261
634271
634232
634242
634252
634262
634272
634233
634243
634253
634263
634273
634224
634234
634244
634254
634264
634274
634225
634235
634245
634255
634265
634275
634216
634226
634236
634246
634256
634266
634276
634217
634227
634237
634247
634257
634267
634277
634300
634310
634320
634330
634340
634350
634360
634370
634301
634311
634321
634331
634341
634351
634361
634371
634302
634312
634322
634332
634342
634352
634362
634372
634343
634353
634363
634373
634364
634374
634375
643906
643907
644000
644001
644011
644002
644012
644022
644062
644072
644003
644013
644023
644033
644043
644053
644063
644073
644004
644014
644024
644034
644044
644054
644064
644074
644005
644015
644025
644035
644045
644055
644065
644075
644006
644016
644026
644036
644046
644056
644066
644007
644017
644027
644037
644047
644057
644067
644100
644110
644120
644130
644140
644150
644160
644101
644111
644121
644131
644141
644151
644161
644102
644112
644122
644132
644142
644152
644162
644172
644103
644113
644123
644133
644143
644153
644163
644173
644104
644114
644124
644134
644144
644154
644164
644174
644105
644115
644125
644135
644145
644155
644165
644175
644106
644116
644126
644136
644146
644156
644166
644176
644107
644117
644127
644137
644147
644157
644167
644177
644200
644210
644220
644230
644240
644250
644260
644270
644201
644211
644221
644231
644241
644251
644261
644271
644202
644212
644222
644232
644242
644252
644262
644272
644203
644213
644223
644233
644243
644253
644263
644273
644204
644214
644224
644234
644244
644254
644264
644274
644205
644215
644225
644235
644245
644255
644265
644275
644206
644216
644226
644236
644246
644256
644266
644276
644207
644217
644227
644237
644247
644257
644267
644277
644300
644310
644320
644330
644340
644350
644360
644370
644301
644311
644321
644331
644341
644351
644361
644371
644302
644312
644322
644332
644342
644352
644362
644372
644303
644313
644323
644333
644343
644353
644363
644373
644304
644314
644324
644334
644344
644354
644364
644374
644305
644315
644325
644335
644345
644355
644365
644375
644316
644326
644336
644346
644356
644366
644376
644327
644337
644347
644357
644367
644377
644430
644440
644450
644460
644470
644431
644441
644451
644461
644471
644432
644442
644452
644462
644472
644433
644443
644453
644463
644473
644434
644444
644454
644464
644474
644435
644445
644455
644465
644475
644436
644446
644456
644466
644476
644437
644447
644457
644467
644477
644530
644540
644550
644560
644570
644541
644551
644561
644571
644552
644562
644572
644553
644563
644573
644554
644564
644574
644575
644576
654002
654003
654004
654112
654122
654132
654142
654152
654103
654113
654123
654133
654143
654153
654163
654104
654114
654124
654134
654144
654154
654164
654174
654105
654115
654125
654135
654145
654155
654165
654175
654106
654116
654126
654136
654146
654156
654166
654176
654107
654117
654127
654137
654147
654157
654167
654177
654200
654210
654220
654230
654240
654250
654260
654270
654201
654211
654221
654231
654241
654251
654261
654271
654202
654212
654222
654232
654242
654252
654262
654272
654203
654213
654223
654233
654243
654253
654263
654273
654204
654214
654224
654234
654244
654254
654264
654274
654205
654215
654225
654235
654245
654255
654265
654275
654206
654216
654226
654236
654246
654256
654266
654276
654207
654217
654227
654237
654247
654257
654267
654277
654300
654310
654320
654330
654340
654350
654360
654370
654301
654311
654321
654331
654341
654351
654361
654371
654302
654312
654322
654332
654342
654352
654362
654372
654303
654313
654323
654333
654343
654353
654363
654373
654304
654314
654324
654334
654344
654354
654364
654374
654305
654315
654325
654335
654345
654355
654365
654375
654306
654316
654326
654336
654346
654356
654366
654376
654307
654317
654327
654337
654347
654357
654367
654377
654400
654410
654420
654430
654440
654450
654460
654470
654401
654411
654421
654431
654441
654451
654461
654471
654402
654412
654422
654432
654442
654452
654462
654472
654403
654413
654423
654433
654443
654453
654463
654473
654404
654414
654424
654434
654444
654454
654464
654474
654405
654415
654425
654435
654445
654455
654465
654475
654406
654416
654426
654436
654446
654456
654466
654476
654407
654417
654427
654437
654447
654457
654467
654477
654500
654510
654520
654530
654540
654550
654560
654570
654501
654511
654521
654531
654541
654571
654502
654512
654522
654532
654543
654553
654563
654504
654534
654544
654554
654564
654574
654505
654565
654575
654506
654516
654576
654507
654517
654600
654610
654620
654601
654611
654621
654632
654623
654633
654644
654654
654645
654655
654665
654646
654656
654666
654657
654667
664142
664152
664153
664105
664115
664125
664135
664145
664155
664106
664116
664126
664136
664146
664156
664166
664176
664107
664117
664127
664137
664147
664157
664167
664177
664200
664210
664220
664230
664240
664250
664260
664270
664201
664211
664221
664231
664241
664251
664261
664271
664202
664212
664222
664232
664242
664252
664262
664272
664203
664213
664223
664233
664243
664253
664263
664273
664204
664214
664224
664234
664244
664254
664264
664274
664205
664215
664225
664235
664245
664255
664265
664275
664206
664216
664226
664236
664246
664256
664266
664276
664207
664217
664227
664237
664247
664257
664267
664277
664300
664310
664320
664330
664340
664350
664360
664301
664311
664321
664331
664341
664351
664302
664312
664322
664332
664342
664303
664313
664323
664333
664343
664304
664314
664324
664334
664305
664315
664325
664306
664316
664326
664307
664317
664400
664410
664401
664411
664402
664412
664407
664500
664510
664501
664511
664521
664531
664512
664522
664532
664542
664505
664515
664506
664516
664526
664507
664517
664527
664537
664547
664620
664630
664640
664650
664660
664631
664641
664651
664661
664632
664642
664652
664643
664653
664644
664654
664656
664657
664667
664677
664750
664760
664770
664761
664771
664772
674077
674170
674151
674161
674171
674152
674162
674154
674164
674174
674125
674135
674145
674155
674165
674175
674106
674116
674126
674136
674146
674156
674166
674176
674107
674117
674127
674137
674147
674157
674167
674177
674200
674210
674220
674230
674240
674250
674260
674270
674201
674211
674221
674231
674241
674251
674261
674271
674202
674212
674222
674232
674242
674252
674262
674272
674203
674213
674223
674233
674243
674253
674204
674214
674224
674234
674244
674205
674215
674225
674206
674216
674710
674701
674711
674702
674712
674722
674703
674713
674723
674733
674753
674714
674724
674734
674744
674754
674725
674735
674745
674755
674765
674736
674746
674756
674766
674776
674737
674747
674757
674767
674777
674840
674850
674860
674870
674851
674861
674871
674862
674872
674863
674873
674874
674875
674876
684007
684017
684027
684100
684110
684105
684115
684106
684116
684107
684117
684127
684200
684210
684201
684706
684707
684717
684800
684803
684813
684804
684814
684824
684805
684815
684825
684806
684816
684826
684807
684817
684827